,XGB_CPU,XGB_GPU,LGBM
0,0.729323,0.728983,0.728685557842
1,0.734514,0.734136,0.735265731812
2,0.739911,0.73964,0.739303171635
3,0.74428,0.74411,0.743715703487
4,0.747665,0.747454,0.746929109097
5,0.750343,0.750291,0.750078141689
6,0.754073,0.753798,0.754196643829
7,0.756613,0.756424,0.755484044552
8,0.759478,0.759325,0.75897526741
9,0.762486,0.762448,0.761702358723
10,0.76455,0.764373,0.764325737953
11,0.765978,0.766056,0.76626688242
12,0.770077,0.76961,0.768127381802
13,0.771593,0.770768,0.771558344364
14,0.774246,0.773009,0.772806286812
15,0.776799,0.77463,0.774952113628
16,0.778076,0.776915,0.777336061001
17,0.77958,0.778993,0.778465569019
18,0.780637,0.781053,0.780159533024
19,0.782257,0.782104,0.781332850456
20,0.783937,0.783566,0.782660722733
21,0.785062,0.785036,0.784191668034
22,0.786561,0.785936,0.785138189793
23,0.787449,0.787067,0.786477148533
24,0.788621,0.788013,0.787543356419
25,0.789412,0.789043,0.788508951664
26,0.790528,0.78991,0.789474308491
27,0.79138,0.790826,0.790396153927
28,0.792216,0.791789,0.791264176369
29,0.792919,0.792347,0.792042016983
30,0.793647,0.793003,0.7928429842
31,0.79445,0.793792,0.793574810028
32,0.795167,0.794491,0.794166862965
33,0.79588,0.795138,0.794874548912
34,0.796339,0.795751,0.795330166817
35,0.796909,0.79626,0.795927643776
36,0.797541,0.796702,0.796396970749
37,0.798119,0.797261,0.796929955482
38,0.798504,0.797696,0.797522246838
39,0.798817,0.798178,0.797960340977
40,0.799166,0.798637,0.798378229141
41,0.799617,0.799183,0.798843502998
42,0.799993,0.799562,0.799176514149
43,0.800513,0.80014,0.7998046875
44,0.800932,0.800616,0.80053383112
45,0.80135,0.800975,0.800991714001
46,0.801525,0.80145,0.801388204098
47,0.802096,0.801909,0.801668047905
48,0.802515,0.802188,0.802170574665
49,0.80293,0.802616,0.802591562271
50,0.803411,0.803228,0.80292481184
51,0.803661,0.803566,0.803516209126
52,0.80435,0.803835,0.803894400597
53,0.804616,0.804216,0.804201006889
54,0.804972,0.804568,0.804466843605
55,0.805327,0.804882,0.804749667645
56,0.805668,0.805291,0.805083751678
57,0.805935,0.805631,0.805473268032
58,0.806437,0.806009,0.805822253227
59,0.806722,0.80644,0.806304574013
60,0.806936,0.80664,0.806581735611
61,0.80722,0.806858,0.806878089905
62,0.807442,0.807064,0.807024717331
63,0.807855,0.807261,0.807331860065
64,0.808031,0.807508,0.807586252689
65,0.808479,0.807822,0.807855367661
66,0.808785,0.808066,0.80808699131
67,0.809057,0.808302,0.808419167995
68,0.809369,0.808715,0.808494865894
69,0.809421,0.809172,0.808802008629
70,0.809672,0.809468,0.809138000011
71,0.809944,0.809748,0.809474945068
72,0.810166,0.809927,0.809681117535
73,0.810322,0.81019,0.809950828552
74,0.810353,0.810521,0.810080707073
75,0.810642,0.810716,0.810306429863
76,0.810911,0.810843,0.810496985912
77,0.811135,0.811224,0.810740768909
78,0.811383,0.811374,0.810978353024
79,0.811494,0.811548,0.81113409996
80,0.811713,0.811828,0.811242878437
81,0.812022,0.812013,0.811430573463
82,0.812196,0.812256,0.811510503292
83,0.812404,0.812349,0.811838328838
84,0.812573,0.812512,0.811978697777
85,0.812701,0.812859,0.812162399292
86,0.812917,0.813003,0.812424361706
87,0.813095,0.813169,0.812593817711
88,0.813533,0.813386,0.812748730183
89,0.813777,0.81351,0.812852978706
90,0.813979,0.813666,0.813073694706
91,0.814335,0.81382,0.813288867474
92,0.814649,0.813992,0.81340867281
93,0.814797,0.814189,0.813536643982
94,0.815027,0.814381,0.813674151897
95,0.815198,0.814625,0.813865602016
96,0.815311,0.814803,0.813992977142
97,0.815548,0.814942,0.814384043217
98,0.815671,0.815109,0.814587950706
99,0.815963,0.815184,0.814803779125
