,XGB_CPU,XGB_GPU,LGBM
f25,0.353224083814,0.343044488602,0.467282740467
f26,0.166144857548,0.157679695587,0.104466860543
f27,0.113263673727,0.122531661425,0.169574484982
f22,0.0787619856451,0.0903165872306,0.0694197528116
f5,0.0718399776153,0.0760815070226,0.0776907303328
f24,0.052890575124,0.0532750402503,0.0597736673942
f0,0.0397909211347,0.0355368155753,0.0130617275837
f9,0.0364570973598,0.0353299902107,0.00993772871191
f21,0.0345698704895,0.0323359559492,0.00998089619034
f3,0.0295718838878,0.0317688064083,0.0171920224421
f23,0.017896436635,0.0220994517395,0.00131268829214
f17,0.00558863701952,0.0,0.000306700248204
f18,0.0,0.0,0.0
f2,0.0,0.0,0.0
f4,0.0,0.0,0.0
f6,0.0,0.0,0.0
f20,0.0,0.0,0.0
f19,0.0,0.0,0.0
f7,0.0,0.0,0.0
f8,0.0,0.0,0.0
f16,0.0,0.0,0.0
f15,0.0,0.0,0.0
f1,0.0,0.0,0.0
f13,0.0,0.0,0.0
f12,0.0,0.0,0.0
f11,0.0,0.0,0.0
f10,0.0,0.0,0.0
f14,0.0,0.0,0.0
