,XGB_CPU,XGB_GPU,LGBM
f25,0.311980712716,0.318899672608,0.456492891692
f26,0.197155751292,0.203004722098,0.113907294651
f27,0.103611330683,0.10063331379,0.165309292483
f5,0.0769968601891,0.0751857206711,0.0851177092997
f22,0.0725676923636,0.0819628181379,0.0709886886642
f24,0.0481579096355,0.0531538783332,0.0514383030286
f9,0.0468602564594,0.0365075294148,0.0120102764833
f0,0.0415194883886,0.044853480518,0.0163707322194
f3,0.0410021641631,0.0348216454021,0.0171871979793
f21,0.0314331187908,0.0282992053607,0.00776800614965
f17,0.0117929308955,0.0131353921103,0.00183780796091
f13,0.00700304262594,0.00954262155624,9.84823922566e-05
f6,0.00522307252637,0.0,0.000339464118307
f23,0.00469566927081,0.0,0.000469574719649
f8,0.0,0.0,0.000513590590422
f19,0.0,0.0,0.0
f2,0.0,0.0,4.088506569e-05
f4,0.0,0.0,0.0
f20,0.0,0.0,0.0
f18,0.0,0.0,0.0
f7,0.0,0.0,0.0
f16,0.0,0.0,0.0
f15,0.0,0.0,0.0
f1,0.0,0.0,0.0
f12,0.0,0.0,0.0
f11,0.0,0.0,0.000109802502842
f10,0.0,0.0,0.0
f14,0.0,0.0,0.0
