,XGB_CPU,XGB_GPU,LGBM
f25,0.177055100783,0.165466996596,0.317135587828
f26,0.10808777796,0.101604881928,0.0976815014169
f27,0.0982866530696,0.0984134878454,0.147548009034
f22,0.0845109123746,0.0794377502802,0.0882498249073
f5,0.0729202158497,0.0712047754322,0.0837365125422
f24,0.0670124363405,0.071008888202,0.0787742775791
f8,0.0455121617381,0.0316860301654,0.00674640399889
f3,0.0425543819636,0.0385643189522,0.0321479562765
f21,0.0376623085852,0.0373016081517,0.0316312884177
f0,0.0350181061617,0.0394528063968,0.0433160011968
f9,0.0325434162635,0.0333036296252,0.0198560796776
f16,0.0283024135052,0.0321326167547,0.00303566798969
f23,0.0243571994517,0.0231684395526,0.0106944742443
f12,0.0200891582404,0.0232712381172,0.00225612152865
f20,0.019641914692,0.0234379978262,0.00281946813904
f17,0.0184160609351,0.0208305609159,0.00926658588381
f13,0.0179806714395,0.0214300453976,0.010209066406
f1,0.0114687001203,0.0119971108182,0.00325741871265
f6,0.0103624270799,0.01184250523,0.00458627502772
f18,0.00814636722481,0.0109090116265,0.0012997776318
f14,0.00797498734222,0.0105549887019,0.00186533818401
f10,0.00722689669852,0.00841732688717,0.00149743873761
f7,0.00574881805894,0.00576903789746,0.000193387941846
f11,0.00415974641013,0.00718400222482,0.000549911389925
f15,0.00387193894069,0.00535790161248,0.000229453739472
f19,0.00383060363307,0.00506243733934,0.000449332254166
f2,0.00372084142164,0.0048112152421,0.000483462956598
f4,0.00353778371602,0.00637839028129,0.000483376357733
