,XGB_CPU,XGB_GPU,LGBM
f25,0.22563343075,0.222096387285,0.286764479198
f27,0.0919299929359,0.0938869670308,0.130192094534
f26,0.0902270790429,0.0930062206902,0.0939843591542
f5,0.0646978073885,0.0652291899213,0.0804051949892
f24,0.0562960918314,0.0575139671816,0.0758545754626
f22,0.0553798536602,0.0549040863263,0.0716373768322
f0,0.0349129091173,0.0332906434429,0.0412807838722
f3,0.0331436726723,0.0326493872574,0.0310478923187
f21,0.0301225885465,0.0290493043193,0.0318430076344
f9,0.0261559427062,0.0259529583869,0.0243827279045
f8,0.0252989197946,0.0267773514539,0.00319938068969
f16,0.0217082525881,0.0172508349504,0.00203408632177
f13,0.0207010182407,0.0215103123944,0.0172158241541
f20,0.0202450489749,0.0177317956998,0.00146920569778
f17,0.0199857893905,0.0217581125275,0.0147680664713
f23,0.0196399521081,0.0200593027682,0.0141591686822
f12,0.0157789332569,0.0139260111813,0.00118025243672
f11,0.0151301263591,0.0135252218734,0.00654174716237
f18,0.0143299668231,0.0144321575989,0.00836929767593
f14,0.0139109089183,0.0145395292643,0.00680666222569
f6,0.0138015944508,0.0151066706,0.00892913566452
f19,0.0136078903742,0.0140289933729,0.00633807861283
f15,0.0135576911211,0.0143210535925,0.00682539120194
f1,0.0132199935444,0.0145356012345,0.00609980819414
f10,0.013186090781,0.0136844096773,0.00775305986549
f2,0.0126712816829,0.0125253230095,0.0078617169564
f4,0.0125454441866,0.0140220148006,0.00668428374134
f7,0.0121817287531,0.0126861921587,0.00637234234503
