,XGB_CPU,XGB_GPU,LGBM
f25,0.314842773933,0.309452205639,0.345757185684
f27,0.117696604906,0.112043667408,0.152178836586
f26,0.115604036009,0.115490121474,0.0999624186246
f5,0.0683040300713,0.0669013452541,0.0917689211237
f22,0.0643809505361,0.0614577916215,0.0742976752565
f24,0.0585017254673,0.0597862166765,0.0881342623474
f3,0.0281521814885,0.0305828249011,0.026710652218
f0,0.0273417914644,0.0274470432025,0.0362283248958
f21,0.025979611414,0.0255636438606,0.0307277699129
f20,0.0247795545141,0.0166550902806,0.00128729909129
f8,0.0245383014755,0.0230368260644,0.00451721988188
f9,0.0229470692585,0.0236933657047,0.0178841558058
f12,0.0172601085254,0.014240664971,0.00129969631003
f23,0.0132764237673,0.0130815876387,0.00805687118323
f16,0.0127437875345,0.0110099452915,0.00108539069615
f13,0.0115425586308,0.0127110263236,0.00670298852319
f17,0.0109740377055,0.0144745053317,0.00526553675946
f1,0.00515997217198,0.00900556787855,0.000959372846325
f6,0.00491921034295,0.00849649343613,0.0021215453886
f10,0.00387311577197,0.00726568681323,0.000986205398667
f14,0.00379351262854,0.00907900661638,0.000502656754461
f15,0.00344826812643,0.00473799513009,0.000555281271833
f11,0.00344472316404,0.00405474936594,0.000512495312611
f18,0.00338809980865,0.00589843359865,0.000612392198784
f4,0.00336671806734,0.00300189322532,0.000493342962079
f2,0.00335778126519,0.00307995538563,0.000463000525394
f19,0.00331106263545,0.00427480644275,0.000417409852002
f7,0.00307198931651,0.00347754046433,0.000511092589728
