,XGB_CPU,XGB_GPU,LGBM
0,32,32,32
1,32,32,32
2,32,32,32
3,32,32,32
4,32,32,32
5,32,32,32
6,32,32,32
7,32,32,32
8,32,32,32
9,32,32,32
10,32,32,32
11,32,32,32
12,32,32,32
13,32,32,32
14,32,32,32
15,32,32,32
16,32,32,32
17,32,32,32
18,32,32,32
19,32,32,32
20,32,32,32
21,32,32,32
22,32,32,32
23,32,32,32
24,32,32,32
25,32,32,32
26,32,32,32
27,32,32,32
28,32,32,32
29,32,32,32
30,32,32,32
31,32,32,32
32,32,32,32
33,32,32,32
34,31,32,32
35,32,31,32
36,32,32,32
37,32,32,32
38,31,31,32
39,32,31,32
40,32,32,32
41,32,32,32
42,32,32,32
43,32,32,32
44,32,32,32
45,32,32,32
46,31,32,32
47,32,30,31
48,32,31,32
49,32,31,32
50,30,31,32
51,31,32,32
52,32,31,32
53,31,32,29
54,32,32,31
55,32,32,31
56,31,32,32
57,31,32,31
58,32,32,32
59,32,31,32
60,32,32,32
61,32,27,32
62,29,32,28
63,32,31,32
64,31,32,32
65,32,32,32
66,32,30,32
67,32,26,32
68,32,32,30
69,29,31,32
70,28,32,32
71,32,31,32
72,32,29,32
73,28,32,32
74,27,32,31
75,32,26,31
76,32,31,30
77,32,32,32
78,31,25,32
79,32,32,28
80,32,27,32
81,32,31,32
82,30,32,29
83,32,29,32
84,32,28,26
85,23,31,32
86,32,23,32
87,30,32,31
88,32,31,32
89,32,28,30
90,32,32,32
91,32,32,32
92,32,31,32
93,27,30,26
94,28,32,31
95,29,31,32
96,30,32,27
97,31,32,32
98,29,32,32
99,32,25,32
